7,8
12,12
